5073803011
1024770053
461964422
5592732806
446491528
613916294
810479238
381555339
646513804
1341803532
440044052
1822080022
5583963671
946691606
991699482
1128295714
369751331
697612199
729200168
664947241
5133014953
646184103
1020150060
1702483245
309789228
885753519
1455769647
610564909
5089771826
382641202
392687286
491750072
317928250
1214022079
836175430
961479884
2083137870
915401551
502853078
1321684311
497487065
646858329
5001400025
774445273
830895839
663480800
466774498
1921177699
864939619
1418458985
487335406
2085588078
1351259505
712304626
1831211761
543194235
535174397
802967039
